1 1 1 1 1 1 1 1 1 1 1 1 1 1 1 1 1 1 1 1 1 1 1 1 1 1 1 1 1 1 1 1 1 1 1 1 1 1 1 1 1 1 1 
1 0.999 0.998 0.997 0.997 0.996 0.995 0.994 0.994 0.993 0.992 0.992 0.991 0.991 0.99 0.99 0.99 0.99 0.989 0.99 0.99 0.99 0.99 0.99 0.991 0.991 0.992 0.992 0.993 0.993 0.994 0.994 0.995 0.995 0.996 0.996 0.997 0.998 0.998 0.999 0.999 1 1 
1 0.998 0.997 0.995 0.993 0.992 0.99 0.989 0.987 0.986 0.984 0.983 0.982 0.981 0.98 0.98 0.979 0.979 0.979 0.979 0.979 0.98 0.98 0.981 0.982 0.982 0.983 0.984 0.985 0.987 0.988 0.989 0.99 0.991 0.992 0.993 0.994 0.995 0.996 0.997 0.998 0.999 1 
1 0.997 0.995 0.992 0.99 0.987 0.985 0.983 0.98 0.978 0.976 0.975 0.973 0.971 0.97 0.969 0.969 0.968 0.968 0.968 0.969 0.969 0.97 0.971 0.972 0.974 0.975 0.977 0.978 0.98 0.981 0.983 0.985 0.986 0.988 0.989 0.991 0.993 0.994 0.996 0.997 0.999 1 
1 0.997 0.993 0.99 0.986 0.983 0.98 0.977 0.974 0.971 0.968 0.966 0.964 0.962 0.96 0.959 0.958 0.957 0.957 0.957 0.958 0.959 0.96 0.961 0.963 0.965 0.967 0.969 0.971 0.973 0.975 0.977 0.98 0.982 0.984 0.986 0.988 0.99 0.992 0.994 0.996 0.998 1 
1 0.996 0.991 0.987 0.983 0.979 0.975 0.971 0.967 0.963 0.96 0.957 0.954 0.951 0.949 0.948 0.947 0.946 0.946 0.946 0.947 0.948 0.949 0.951 0.953 0.956 0.958 0.961 0.963 0.966 0.969 0.972 0.975 0.977 0.98 0.983 0.985 0.988 0.99 0.993 0.995 0.998 1 
1 0.995 0.99 0.984 0.979 0.974 0.969 0.965 0.96 0.955 0.951 0.947 0.944 0.941 0.938 0.936 0.935 0.934 0.934 0.934 0.935 0.936 0.938 0.941 0.943 0.946 0.949 0.953 0.956 0.959 0.963 0.966 0.969 0.973 0.976 0.979 0.982 0.985 0.988 0.991 0.994 0.997 1 
1 0.994 0.988 0.982 0.976 0.97 0.964 0.958 0.953 0.947 0.942 0.938 0.933 0.93 0.927 0.924 0.923 0.922 0.921 0.922 0.923 0.925 0.927 0.93 0.933 0.937 0.941 0.944 0.948 0.953 0.957 0.961 0.965 0.968 0.972 0.976 0.98 0.983 0.987 0.99 0.993 0.997 1 
1 0.993 0.986 0.979 0.972 0.965 0.958 0.952 0.945 0.939 0.933 0.928 0.923 0.918 0.914 0.912 0.909 0.908 0.908 0.909 0.91 0.912 0.915 0.919 0.923 0.927 0.932 0.936 0.941 0.946 0.95 0.955 0.96 0.964 0.968 0.973 0.977 0.981 0.985 0.989 0.992 0.996 1 
1 0.992 0.984 0.976 0.968 0.96 0.953 0.945 0.938 0.93 0.923 0.917 0.911 0.906 0.901 0.898 0.895 0.894 0.894 0.895 0.897 0.9 0.903 0.907 0.912 0.917 0.922 0.928 0.933 0.939 0.944 0.95 0.955 0.96 0.965 0.97 0.974 0.979 0.983 0.987 0.992 0.996 1 
1 0.991 0.982 0.973 0.965 0.956 0.947 0.938 0.93 0.921 0.913 0.906 0.899 0.893 0.887 0.883 0.88 0.879 0.879 0.88 0.882 0.886 0.89 0.895 0.901 0.907 0.913 0.92 0.926 0.932 0.938 0.944 0.95 0.956 0.961 0.967 0.972 0.977 0.981 0.986 0.991 0.995 1 
1 0.99 0.98 0.971 0.961 0.951 0.941 0.931 0.921 0.912 0.903 0.894 0.886 0.878 0.872 0.867 0.864 0.862 0.862 0.864 0.867 0.871 0.877 0.883 0.889 0.897 0.904 0.911 0.918 0.926 0.932 0.939 0.946 0.952 0.958 0.964 0.969 0.975 0.98 0.985 0.99 0.995 1 
1 0.989 0.979 0.968 0.957 0.946 0.935 0.924 0.913 0.902 0.892 0.881 0.872 0.863 0.856 0.85 0.846 0.844 0.844 0.846 0.85 0.856 0.862 0.87 0.878 0.886 0.894 0.903 0.911 0.919 0.927 0.934 0.941 0.948 0.955 0.961 0.967 0.973 0.979 0.984 0.989 0.995 1 
1 0.988 0.977 0.965 0.953 0.941 0.929 0.917 0.905 0.892 0.88 0.868 0.857 0.847 0.838 0.831 0.826 0.824 0.824 0.827 0.832 0.839 0.847 0.856 0.865 0.875 0.885 0.895 0.904 0.913 0.922 0.93 0.937 0.945 0.952 0.959 0.965 0.971 0.977 0.983 0.989 0.994 1 
1 0.988 0.975 0.963 0.95 0.937 0.924 0.91 0.896 0.882 0.868 0.854 0.841 0.829 0.818 0.809 0.803 0.801 0.801 0.805 0.812 0.821 0.831 0.842 0.853 0.865 0.876 0.887 0.897 0.907 0.917 0.926 0.934 0.942 0.949 0.957 0.963 0.97 0.976 0.982 0.988 0.994 1 
1 0.987 0.974 0.96 0.947 0.933 0.918 0.903 0.888 0.872 0.856 0.84 0.824 0.81 0.796 0.785 0.778 0.774 0.776 0.781 0.79 0.801 0.814 0.827 0.841 0.854 0.867 0.879 0.891 0.902 0.912 0.922 0.931 0.939 0.947 0.955 0.962 0.969 0.975 0.982 0.988 0.994 1 
1 0.986 0.972 0.958 0.944 0.929 0.913 0.897 0.88 0.863 0.844 0.826 0.807 0.789 0.772 0.758 0.748 0.744 0.746 0.753 0.765 0.78 0.796 0.812 0.828 0.844 0.859 0.873 0.885 0.897 0.908 0.919 0.928 0.937 0.946 0.953 0.961 0.968 0.975 0.981 0.988 0.994 1 
1 0.986 0.971 0.956 0.941 0.925 0.909 0.891 0.873 0.853 0.833 0.811 0.789 0.766 0.745 0.726 0.712 0.706 0.71 0.722 0.738 0.758 0.778 0.798 0.817 0.835 0.851 0.867 0.881 0.894 0.905 0.916 0.926 0.936 0.944 0.953 0.96 0.967 0.974 0.981 0.987 0.994 1 
1 0.985 0.97 0.955 0.939 0.923 0.905 0.887 0.867 0.845 0.822 0.797 0.771 0.743 0.715 0.689 0.669 0.66 0.666 0.684 0.708 0.734 0.76 0.784 0.806 0.827 0.845 0.862 0.877 0.891 0.903 0.915 0.925 0.935 0.944 0.952 0.96 0.967 0.974 0.981 0.987 0.994 1 
1 0.985 0.97 0.954 0.938 0.921 0.903 0.883 0.862 0.839 0.814 0.786 0.754 0.72 0.683 0.645 0.614 0.598 0.612 0.641 0.676 0.711 0.743 0.772 0.798 0.821 0.841 0.859 0.875 0.889 0.902 0.914 0.925 0.935 0.944 0.952 0.96 0.967 0.974 0.981 0.987 0.994 1 
1 0.985 0.97 0.954 0.938 0.92 0.902 0.882 0.86 0.835 0.808 0.777 0.741 0.699 0.651 0.597 0.542 0.508 0.54 0.593 0.645 0.691 0.73 0.764 0.793 0.817 0.839 0.858 0.875 0.889 0.903 0.915 0.926 0.935 0.944 0.953 0.961 0.968 0.975 0.981 0.988 0.994 1 
1 0.985 0.97 0.954 0.938 0.921 0.902 0.882 0.86 0.834 0.806 0.772 0.733 0.685 0.625 0.548 0.45 0.352 0.448 0.545 0.62 0.677 0.723 0.76 0.791 0.817 0.84 0.859 0.876 0.891 0.904 0.916 0.927 0.937 0.946 0.954 0.962 0.969 0.975 0.982 0.988 0.994 1 
1 0.986 0.971 0.956 0.94 0.923 0.905 0.885 0.862 0.837 0.808 0.774 0.734 0.683 0.617 0.521 0.359 0 0.357 0.518 0.611 0.676 0.724 0.763 0.794 0.821 0.843 0.863 0.879 0.894 0.907 0.919 0.93 0.939 0.948 0.956 0.963 0.97 0.976 0.983 0.988 0.994 1 
1 0.986 0.972 0.958 0.942 0.926 0.909 0.889 0.868 0.843 0.816 0.783 0.744 0.697 0.638 0.561 0.463 0.365 0.462 0.558 0.633 0.69 0.735 0.772 0.802 0.828 0.85 0.869 0.885 0.899 0.912 0.923 0.933 0.942 0.951 0.958 0.965 0.972 0.978 0.984 0.989 0.995 1 
1 0.987 0.974 0.96 0.946 0.931 0.914 0.896 0.876 0.853 0.828 0.798 0.764 0.723 0.676 0.623 0.569 0.535 0.567 0.619 0.671 0.717 0.755 0.788 0.815 0.839 0.859 0.877 0.892 0.906 0.918 0.928 0.938 0.946 0.954 0.961 0.968 0.974 0.979 0.985 0.99 0.995 1 
1 0.988 0.976 0.964 0.951 0.937 0.922 0.905 0.887 0.866 0.844 0.818 0.789 0.756 0.72 0.684 0.653 0.639 0.652 0.682 0.716 0.75 0.781 0.808 0.833 0.853 0.872 0.888 0.902 0.914 0.925 0.935 0.943 0.951 0.958 0.965 0.971 0.976 0.981 0.986 0.991 0.995 1 
1 0.989 0.979 0.968 0.956 0.944 0.93 0.916 0.9 0.882 0.862 0.841 0.817 0.792 0.766 0.741 0.722 0.714 0.721 0.739 0.762 0.786 0.81 0.833 0.853 0.871 0.886 0.9 0.913 0.924 0.933 0.942 0.95 0.957 0.963 0.969 0.974 0.979 0.983 0.988 0.992 0.996 1 
1 0.991 0.982 0.972 0.962 0.952 0.94 0.928 0.914 0.899 0.883 0.866 0.847 0.828 0.809 0.792 0.78 0.775 0.779 0.79 0.806 0.823 0.841 0.859 0.875 0.89 0.903 0.915 0.925 0.935 0.943 0.95 0.957 0.963 0.968 0.973 0.978 0.982 0.986 0.989 0.993 0.997 1 
1 0.993 0.985 0.977 0.969 0.96 0.951 0.941 0.93 0.918 0.906 0.892 0.878 0.864 0.85 0.839 0.831 0.828 0.83 0.837 0.848 0.86 0.873 0.886 0.899 0.91 0.921 0.93 0.939 0.946 0.953 0.959 0.965 0.97 0.974 0.978 0.982 0.985 0.988 0.991 0.994 0.997 1 
1 0.994 0.989 0.983 0.976 0.97 0.963 0.955 0.947 0.938 0.929 0.919 0.909 0.899 0.889 0.882 0.877 0.875 0.876 0.881 0.887 0.896 0.905 0.914 0.924 0.932 0.94 0.947 0.953 0.959 0.964 0.969 0.973 0.977 0.98 0.983 0.986 0.989 0.991 0.993 0.996 0.998 1 
1 0.996 0.992 0.988 0.984 0.98 0.975 0.97 0.964 0.958 0.952 0.946 0.939 0.933 0.927 0.922 0.919 0.918 0.919 0.922 0.926 0.931 0.937 0.943 0.949 0.954 0.96 0.964 0.969 0.972 0.976 0.979 0.982 0.984 0.987 0.989 0.991 0.992 0.994 0.996 0.997 0.999 1 
1 0.998 0.996 0.994 0.992 0.99 0.987 0.985 0.982 0.979 0.976 0.973 0.97 0.967 0.964 0.962 0.96 0.96 0.96 0.961 0.963 0.966 0.969 0.971 0.974 0.977 0.98 0.982 0.984 0.986 0.988 0.989 0.991 0.992 0.993 0.994 0.995 0.996 0.997 0.998 0.999 0.999 1 
1 1 1 1 1 1 1 1 1 1 1 1 1 1 1 1 1 1 1 1 1 1 1 1 1 1 1 1 1 1 1 1 1 1 1 1 1 1 1 1 1 1 1 


1 1 1 1 1 1 1 1 1 1 1 1 1 1 1 1 1 1 1 1 1 1 1 1 1 1 1 1 1 1 1 1 1 1 1 1 1 1 1 1 1 1 1 
1 0 0 0 0 0 0 0 0 0 0 0 0 0 0 0 0 0 0 0 0 0 0 0 0 0 0 0 0 0 0 0 0 0 0 0 0 0 0 0 0 0 1 
1 0 0 0 0 0 0 0 0 0 0 0 0 0 0 0 0 0 0 0 0 0 0 0 0 0 0 0 0 0 0 0 0 0 0 0 0 0 0 0 0 0 1 
1 0 0 0 0 0 0 0 0 0 0 0 0 0 0 0 0 0 0 0 0 0 0 0 0 0 0 0 0 0 0 0 0 0 0 0 0 0 0 0 0 0 1 
1 0 0 0 0 0 0 0 0 0 0 0 0 0 0 0 0 0 0 0 0 0 0 0 0 0 0 0 0 0 0 0 0 0 0 0 0 0 0 0 0 0 1 
1 0 0 0 0 0 0 0 0 0 0 0 0 0 0 0 0 0 0 0 0 0 0 0 0 0 0 0 0 0 0 0 0 0 0 0 0 0 0 0 0 0 1 
1 0 0 0 0 0 0 0 0 0 0 0 0 0 0 0 0 0 0 0 0 0 0 0 0 0 0 0 0 0 0 0 0 0 0 0 0 0 0 0 0 0 1 
1 0 0 0 0 0 0 0 0 0 0 0 0 0 0 0 0 0 0 0 0 0 0 0 0 0 0 0 0 0 0 0 0 0 0 0 0 0 0 0 0 0 1 
1 0 0 0 0 0 0 0 0 0 0 0 0 0 0 0 0 0 0 0 0 0 0 0 0 0 0 0 0 0 0 0 0 0 0 0 0 0 0 0 0 0 1 
1 0 0 0 0 0 0 0 0 0 0 0 0 0 0 0 0 0 0 0 0 0 0 0 0 0 0 0 0 0 0 0 0 0 0 0 0 0 0 0 0 0 1 
1 0 0 0 0 0 0 0 0 0 0 0 0 0 0 0 0 0 0 0 0 0 0 0 0 0 0 0 0 0 0 0 0 0 0 0 0 0 0 0 0 0 1 
1 0 0 0 0 0 0 0 0 0 0 0 0 0 0 0 0 0 0 0 0 0 0 0 0 0 0 0 0 0 0 0 0 0 0 0 0 0 0 0 0 0 1 
1 0 0 0 0 0 0 0 0 0 0 0 0 0 0 0 0 0 0 0 0 0 0 0 0 0 0 0 0 0 0 0 0 0 0 0 0 0 0 0 0 0 1 
1 0 0 0 0 0 0 0 0 0 0 0 0 0 0 0 0 0 0 0 0 0 0 0 0 0 0 0 0 0 0 0 0 0 0 0 0 0 0 0 0 0 1 
1 0 0 0 0 0 0 0 0 0 0 0 0 0 0 0 0 0 0 0 0 0 0 0 0 0 0 0 0 0 0 0 0 0 0 0 0 0 0 0 0 0 1 
1 0 0 0 0 0 0 0 0 0 0 0 0 0 0 0 0 0 0 0 0 0 0 0 0 0 0 0 0 0 0 0 0 0 0 0 0 0 0 0 0 0 1 
1 0 0 0 0 0 0 0 0 0 0 0 0 0 0 0 0 0 0 0 0 0 0 0 0 0 0 0 0 0 0 0 0 0 0 0 0 0 0 0 0 0 1 
1 0 0 0 0 0 0 0 0 0 0 0 0 0 0 0 0 0 0 0 0 0 0 0 0 0 0 0 0 0 0 0 0 0 0 0 0 0 0 0 0 0 1 
1 0 0 0 0 0 0 0 0 0 0 0 0 0 0 0 0 0 0 0 0 0 0 0 0 0 0 0 0 0 0 0 0 0 0 0 0 0 0 0 0 0 1 
1 0 0 0 0 0 0 0 0 0 0 0 0 0 0 0 0 0 0 0 0 0 0 0 0 0 0 0 0 0 0 0 0 0 0 0 0 0 0 0 0 0 1 
1 0 0 0 0 0 0 0 0 0 0 0 0 0 0 0 0 0 0 0 0 0 0 0 0 0 0 0 0 0 0 0 0 0 0 0 0 0 0 0 0 0 1 
1 0 0 0 0 0 0 0 0 0 0 0 0 0 0 0 0 0 0 0 0 0 0 0 0 0 0 0 0 0 0 0 0 0 0 0 0 0 0 0 0 0 1 
1 0 0 0 0 0 0 0 0 0 0 0 0 0 0 0 0 1 0 0 0 0 0 0 0 0 0 0 0 0 0 0 0 0 0 0 0 0 0 0 0 0 1 
1 0 0 0 0 0 0 0 0 0 0 0 0 0 0 0 0 0 0 0 0 0 0 0 0 0 0 0 0 0 0 0 0 0 0 0 0 0 0 0 0 0 1 
1 0 0 0 0 0 0 0 0 0 0 0 0 0 0 0 0 0 0 0 0 0 0 0 0 0 0 0 0 0 0 0 0 0 0 0 0 0 0 0 0 0 1 
1 0 0 0 0 0 0 0 0 0 0 0 0 0 0 0 0 0 0 0 0 0 0 0 0 0 0 0 0 0 0 0 0 0 0 0 0 0 0 0 0 0 1 
1 0 0 0 0 0 0 0 0 0 0 0 0 0 0 0 0 0 0 0 0 0 0 0 0 0 0 0 0 0 0 0 0 0 0 0 0 0 0 0 0 0 1 
1 0 0 0 0 0 0 0 0 0 0 0 0 0 0 0 0 0 0 0 0 0 0 0 0 0 0 0 0 0 0 0 0 0 0 0 0 0 0 0 0 0 1 
1 0 0 0 0 0 0 0 0 0 0 0 0 0 0 0 0 0 0 0 0 0 0 0 0 0 0 0 0 0 0 0 0 0 0 0 0 0 0 0 0 0 1 
1 0 0 0 0 0 0 0 0 0 0 0 0 0 0 0 0 0 0 0 0 0 0 0 0 0 0 0 0 0 0 0 0 0 0 0 0 0 0 0 0 0 1 
1 0 0 0 0 0 0 0 0 0 0 0 0 0 0 0 0 0 0 0 0 0 0 0 0 0 0 0 0 0 0 0 0 0 0 0 0 0 0 0 0 0 1 
1 0 0 0 0 0 0 0 0 0 0 0 0 0 0 0 0 0 0 0 0 0 0 0 0 0 0 0 0 0 0 0 0 0 0 0 0 0 0 0 0 0 1 
1 1 1 1 1 1 1 1 1 1 1 1 1 1 1 1 1 1 1 1 1 1 1 1 1 1 1 1 1 1 1 1 1 1 1 1 1 1 1 1 1 1 1 
